image_width: 1920
image_height: 1080
camera_name: camera
camera_matrix:
  rows: 3
  cols: 3
  data: [964.934569, 0, 1014.483413, 0, 868.9790389999999, 602.995784, 0, 0, 1]
distortion_model: plumb_bob
distortion_coefficients:
  rows: 1
  cols: 5
  data: [-0.334394, 0.083982, -0.001526, 0.003687, 0]
rectification_matrix:
  rows: 3
  cols: 3
  data: [1, 0, 0, 0, 1, 0, 0, 0, 1]
projection_matrix:
  rows: 3
  cols: 4
  data: [678.975159, 0, 1029.73681, 0, 0, 722.587769, 628.015655, 0, 0, 0, 1, 0]